1 50 55 70 30
1 70 30 130 30
1 130 30 145 55
1 20 55 180 55
1 20 60 25 60
1 25 60 25 67
1 25 67 20 67
1 180 60 175 60
1 175 60 175 67
1 175 67 180 67
1 180 55 185 85
1 20 55 15 85
1 95 30 95 95
3 100 60 6 5
1 65 95 140 95
2 50 95 15 15
2 50 95 10 10
2 50 95 2 2
4 47 92 42 87
4 52 97 57 102
4 45 95 40 97
4 50 93 55 87
4 51 95 60 92
4 50 97 50 105
2 155 95 15 15
2 155 95 10 10
2 155 95 2 2
4 152 92 147 87
4 157 97 162 102
4 150 95 145 97
4 155 93 160 87
4 156 95 165 92
4 155 97 155 105
1 165 85 190 85
1 190 85 195 95
1 195 95 170 95
1 40 85 10 85
1 10 85 10 95
1 10 95 35 95