0 50 55 
1 70 30
1 130 30
1 145 55
0 20 55
1 180 55
0 20 60
1 25 60
1 25 67
1 20 67
0 180 60
1 175 60
1 175 67
1 180 67
0 180 55
1 185 85
0 20 55
1 15 85
0 95 30
1 95 95
3 100 60 6 5
0 65 95 
1 140 95
2 50 95 15 15
2 50 95 10 10
2 50 95 2 2
0 47 92
4 42 87
0 52 97
4 57 102
0 45 95
4 40 97
0 50 93
4 55 87
0 51 95
4 60 92
0 50 97
4 50 105
2 155 95 15 15
2 155 95 10 10
2 155 95 2 2
0 155 92
4 147 87
0 157 97
4 162 102
0 150 95
4 145 97
0 155 93
4 160 87
0 156 95
4 165 92
0 155 97
4 155 105
0 165 85
1 190 85
1 195 95
1 170 95
0 40 85
1 10 85
1 10 95
1 35 95