2 465 112 20 170 50
1 513 95 560 175
1 560 175 500 135
1 500 135 490 115
1 490 115 515 100
1 500 135 525 115
2 570 120 172 208 156
2 275 267 350 390 174
2 431 304 220 380 16
1 417 315 315 267
2 239 397 60 100 150
2 223 120 200 265 130
2 435 60 289 311 101
2 575 215 140 210 110
1 480 270 510 338
2 440 365 270 381 75
1 445 440 170 440
1 170 441 190 420
1 190 420 130 400
1 130 400 135 390
1 135 390 120 380
1 120 380 135 370
1 125 377 110 372
1 135 370 145 360
1 145 360 140 350
1 140 350 145 345
1 110 372 140 350
1 145 345 125 345
1 125 345 145 340
1 145 340 135 325
1 135 325 160 330
1 135 325 140 320
1 140 320 120 315
1 120 315 125 312
1 25 312 110 305
1 110 305 115 300
1 115 300 100 295
1 100 295 105 290
1 105 290 95 285
1 95 285 105 280
1 105 280 95 270
1 95 270 110 260
1 110 260 100 250
1 100 250 105 240
1 105 240 95 230
1 95 230 100 220
1 100 220 90 215
1 90 215 100 210
1 100 210 90 200
1 90 200 100 190
1 100 190 90 180
1 90 180 103 163
2 250 1098 77 99 800
2 150 -650 270 285 1000
2 462 140 65 115 40
2 462 66 245 295 40
1 450 65 430 30
1 430 30 450 40
1 450 40 460 25
1 460 25 470 40
1 470 40 480 25
1 480 25 490 40
1 490 40 500 30
1 500 30 480 65





